Structure
2
Atom types
['Al', 'Mg']
Types used
[1, 0, 0, 0]
min and max lattice constant, in n steps
[2.0, 6.0, 60]
PW cutoff
300
kPts = 8
78.8168376169
61.9316356579
47.9663636392
36.4198986938
26.8834708584
19.0162975995
12.5381226731
7.2181372728
2.86677341883
-0.674584144838
-3.53718849405
-5.8311603204
-7.64786374845
-9.06407193531
-10.1457868117
-10.9467837869
-11.5166197149
-11.8974599362
-12.1215786004
-12.2172430498
-12.2080507118
-12.1124522196
-11.947211953
-11.724795897
-11.4565694592
-11.1534950478
-10.824438305
-10.4756006921
-10.1140976291
-9.74595282765
-9.376309993
-9.01019372215
-8.65057538868
-8.29798180905
-7.95405956896
-7.61672573149
-7.28840538014
-6.96951947683
-6.66079721331
-6.36194075629
-6.07382108962
-5.79614378365
-5.52876600592
-5.27235366095
-5.02593131325
-4.78991633353
-4.56420942863
-4.34753158432
-4.14026871841
-3.94235622245
-3.75316247829
-3.57259155888
-3.40040724315
-3.2359924351
-3.07934232237
-2.93021790871
-2.78779442615
-2.65204174753
-2.52310512489
-2.40023460283
