Structure
1
Atom types
['Al', 'Mg']
Types used
[1, 0, 0, 0]
min and max lattice constant, in n steps
[2.0, 6.0, 60]
PW cutoff
300
kPts = 8
298.940597183
254.79318076
216.782144926
183.972115342
155.741026553
131.425031581
110.428239932
92.2865711487
76.6494865796
63.1978457069
51.6240014503
41.6757509011
33.1234731444
25.7778728903
19.4755664614
14.0723190387
9.45055781425
5.50358580198
2.14171356817
-0.709915878768
-3.12103628359
-5.14647284534
-6.83763066218
-8.23743836918
-9.38125902019
-10.302361993
-11.0336139118
-11.594949101
-12.0107818488
-12.3009350462
-12.4825115972
-12.5715003124
-12.5807428536
-12.523506245
-12.413412897
-12.2573322115
-12.0661495147
-11.8455391633
-11.6039328626
-11.3433470754
-11.0686280473
-10.7825536044
-10.4883162775
-10.1888693373
-9.88610180113
-9.58221009052
-9.27997860406
-8.97919143718
-8.68242369573
-8.38988360676
-8.10243420106
-7.820523351
-7.54563371243
-7.27638863877
-7.01396270858
-6.7594168823
-6.51098896424
-6.27036027633
-6.03661451628
-5.80994243852
