Structure
2
Atom types
['Al', 'Mg']
Types used
[1, 1, 0, 0]
min and max lattice constant, in n steps
[2.0, 6.0, 60]
PW cutoff
300
kPts = 8
83.1343769969
66.4601620504
52.6080300594
41.0875311634
31.5163274448
23.5778904794
16.9988093234
11.5547396509
7.06159552207
3.36528134506
0.338960970466
-2.12397990436
-4.11182459437
-5.699016917
-6.9509557026
-7.9181873829
-8.6470206051
-9.1751217596
-9.53432702471
-9.7550530968
-9.85957179636
-9.86657557662
-9.7959918187
-9.66098040451
-9.47354465898
-9.24581109402
-8.98681332968
-8.70203772375
-8.39933139982
-8.0850102357
-7.7629999672
-7.43787826611
-7.11230781197
-6.7878611842
-6.47029133169
-6.15728940872
-5.85335343798
-5.5590018978
-5.27451775511
-4.99875713535
-4.73321191114
-4.47745273271
-4.23140065916
-3.99642677056
-3.77122705266
-3.55668326354
-3.35289174457
-3.15804966743
-2.97308403887
-2.79823535189
-2.63264750591
-2.47640762978
-2.32934562328
-2.19063622673
-2.06035428497
-1.93820203109
-1.82292022034
-1.7144195501
-1.61310872889
-1.51763004141
