Structure
1
Atom types
['Al', 'Mg']
Types used
[1, 1, 0, 0]
min and max lattice constant, in n steps
[2.0, 6.0, 60]
PW cutoff
300
kPts = 8
293.995940273
251.405122811
214.624363749
182.881276801
155.641105742
132.247268037
112.126357798
94.7872181748
79.804027212
66.8506476813
55.6322672641
45.9297972924
37.5320992368
30.2673259424
23.9877872161
18.5579478965
13.8745335249
9.83744221044
6.36404789653
3.38872567651
0.844216477176
-1.3184109607
-3.15041667166
-4.69344718882
-5.97922038929
-7.04027390376
-7.91222807566
-8.60923872004
-9.15722887534
-9.57582115276
-9.88130394827
-10.0893769731
-10.2109031018
-10.2587667699
-10.2473916926
-10.1796592836
-10.0676457648
-9.91540785631
-9.73466651901
-9.52625253357
-9.29756201373
-9.05243099893
-8.79548312772
-8.53066121338
-8.2602263154
-7.98665983201
-7.71353586044
-7.43965454106
-7.16882660801
-6.90071836302
-6.6365126672
-6.37662818136
-6.12332912076
-5.87378030521
-5.62971013847
-5.39258853121
-5.15953912317
-4.93368224915
-4.71346639207
-4.49961505311
