Structure
2
Atom types
['Al', 'Mg']
Types used
[1, 1, 1, 0]
min and max lattice constant, in n steps
[2.0, 6.0, 60]
PW cutoff
300
kPts = 8
87.1363795117
70.7384980301
57.0153138848
45.5614198446
36.0070945997
28.0353983741
21.3832357375
15.8378373031
11.2231048005
7.39165677619
4.22140840869
1.60928878049
-0.530609376317
-2.27103522691
-3.67666961954
-4.79536827599
-5.67273168269
-6.34457764417
-6.8412673053
-7.19375760469
-7.42227772359
-7.54381960802
-7.5797662694
-7.54296688974
-7.44543866966
-7.29987910921
-7.11501134738
-6.8954627463
-6.64985749313
-6.38539444799
-6.10632866316
-5.8187257782
-5.52657417757
-5.23215418501
-4.9433461939
-4.65599972773
-4.37561898997
-4.10314546248
-3.84044682625
-3.58687051854
-3.34447544359
-3.11256684969
-2.89143491586
-2.68331849627
-2.48592043061
-2.29940067987
-2.12332985523
-1.95510463983
-1.79607896849
-1.64679724304
-1.50619311309
-1.37456581907
-1.25191700181
-1.137337187
-1.03108419292
-0.933050367583
-0.84157975292
-0.756817533714
-0.679555513349
-0.607957748678
