Structure
3
Atom types
['Al', 'Mg']
Types used
[1, 1, 1, 0]
min and max lattice constant, in n steps
[2.0, 6.0, 60]
PW cutoff
300
kPts = 8
18.2667323597
13.0604495506
8.80661895886
5.34399751539
2.53611881849
0.277746637903
-1.5202634433
-2.9290329682
-4.01609481146
-4.82895265915
-5.41671060849
-5.81821065498
-6.06521844553
-6.18558592076
-6.2063833411
-6.14246968453
-6.01313012968
-5.83262471993
-5.61314656534
-5.36794550166
-5.10373946654
-4.82474398596
-4.53938371215
-4.25341743016
-3.96970564147
-3.69050293577
-3.42201851966
-3.16177535988
-2.91232600736
-2.67698394449
-2.45751230803
-2.25697466597
-2.07027640918
-1.89835562633
-1.74016482841
-1.59278007771
-1.45940176503
-1.33792769925
-1.22668900473
-1.12359883461
-1.02813061152
-0.939226998292
-0.856768053746
-0.781008790177
-0.710257685456
-0.645051266273
-0.585226670824
-0.528779914778
-0.476324029419
-0.42816315299
-0.383090463063
-0.3414665769
-0.30312154119
-0.267156772782
-0.234075188258
-0.203675441473
-0.174326983345
-0.147546377196
-0.122104567058
-0.0984472523256
