Structure
2
Atom types
['Al', 'Mg']
Types used
[0, 0, 0, 0]
min and max lattice constant, in n steps
[2.0, 6.0, 60]
PW cutoff
300
kPts = 8
74.3282960333
57.3214799114
43.3316742662
31.8159797988
22.3596120154
14.599610119
8.24756299506
3.06903784996
-1.12964989611
-4.50841871698
-7.20133214896
-9.32459004073
-10.9770120031
-12.2330545766
-13.1585305479
-13.810774129
-14.2388759565
-14.4824939137
-14.5755947705
-14.5469807847
-14.4207174769
-14.2169120959
-13.9527135718
-13.6419337341
-13.2956255739
-12.9233364206
-12.5339294812
-12.1342156442
-11.7312653843
-11.3291274147
-10.9292415982
-10.5343764657
-10.1462764659
-9.76664664025
-9.39718343865
-9.0377057749
-8.68929010953
-8.35225805571
-8.02683089049
-7.71271748106
-7.40986562966
-7.11802306618
-6.83690056674
-6.566404006
-6.30587584558
-6.05525804592
-5.81430041114
-5.58232617205
-5.35929417978
-5.14491409269
-4.93888492012
-4.74094794668
-4.55079384281
-4.36800280886
-4.19243134265
-4.0237854243
-3.86161960883
-3.70579055603
-3.55605300348
-3.41215496281
