Structure
3
Atom types
['Al', 'Mg']
Types used
[0, 0, 0, 0]
min and max lattice constant, in n steps
[2.0, 6.0, 60]
PW cutoff
300
kPts = 8
10.058825804
4.15067154076
-0.532508514713
-4.20283397527
-7.04025887867
-9.19430690288
-10.7884865181
-11.925071864
-12.6893579531
-13.151772717
-13.3720136539
-13.4006755432
-13.2808863452
-13.0483181958
-12.7308914115
-12.3513289687
-11.9296326118
-11.482213012
-11.0221531517
-10.5618898842
-10.1108692178
-9.66665253131
-9.23149057979
-8.80802550596
-8.39791217925
-8.00208355718
-7.62219195008
-7.25725793357
-6.90766185936
-6.57351572136
-6.25459731239
-5.95093215654
-5.6611265367
-5.38540287641
-5.12357512205
-4.87366316987
-4.63594208676
-4.40985294504
-4.19501526818
-3.99055064623
-3.79614842651
-3.61130451792
-3.43560558213
-3.26866650868
-3.10986959939
-2.95899578333
-2.81575347199
-2.67945321252
-2.55004933648
-2.42722465644
-2.31065186357
-2.20011523804
-2.09529158506
-1.99593662904
-1.90184555387
-1.81269167265
-1.72823381816
-1.64834384334
-1.57278301389
-1.50137635796
