Structure
2
Atom types
['Al', 'Mg']
Types used
[1, 0, 1, 0]
min and max lattice constant, in n steps
[2.0, 6.0, 60]
PW cutoff
300
kPts = 8
83.3101299374
66.5217429438
52.5736048043
40.9947543176
31.3937266333
23.437107442
16.8463835001
11.3950568572
6.89695012913
3.19819097965
0.171680688857
-2.28982750657
-4.2750387946
-5.85870995805
-7.10585404471
-8.067035301
-8.78877360938
-9.30851519691
-9.65816472078
-9.86830437671
-9.96122297688
-9.95627941532
-9.87608304409
-9.73516230005
-9.54414263087
-9.31380760145
-9.0528777455
-8.76707779725
-8.46414989508
-8.14958286885
-7.82634409036
-7.49866534576
-7.16917366455
-6.83952147055
-6.51519429691
-6.19356000199
-5.88001806549
-5.57683589217
-5.28559469379
-5.00426585631
-4.73333068305
-4.47212461058
-4.22044222873
-3.97951733169
-3.74790081465
-3.52638003358
-3.31499313465
-3.111875725
-2.9179362561
-2.7334765741
-2.55768244424
-2.39074527354
-2.23262608567
-2.08261746757
-1.94094612078
-1.80748596392
-1.68103823246
-1.56177052876
-1.45020080024
-1.34514405465
