Structure
3
Atom types
['Al', 'Mg']
Types used
[1, 0, 1, 0]
min and max lattice constant, in n steps
[2.0, 6.0, 60]
PW cutoff
300
kPts = 8
15.7866322706
10.2946860302
5.85495616695
2.29225874456
-0.547197864227
-2.7896987713
-4.53688511943
-5.87080423247
-6.8652538293
-7.57588222744
-8.05536159799
-8.34617831945
-8.48347242002
-8.49739801656
-8.41574975228
-8.25621058453
-8.0381579792
-7.77636417255
-7.48293555521
-7.16963394783
-6.84279481902
-6.50626845541
-6.16719616849
-5.8307340303
-5.50015349515
-5.1782363618
-4.87042284252
-4.57470115657
-4.29184200659
-4.0226414351
-3.76705660991
-3.5269886559
-3.29986401855
-3.08809222082
-2.89116530596
-2.70486693874
-2.53020202778
-2.36576434355
-2.21129451834
-2.06602425584
-1.92996207159
-1.80229772313
-1.68283518287
-1.57158217199
-1.46713279444
-1.36974769747
-1.27918458361
-1.19381665831
-1.11396811273
-1.03967990317
-0.969984988627
-0.905005838223
-0.844472509127
-0.787640268237
-0.734747065336
-0.685557613474
-0.638821846358
-0.595502021188
-0.554690856426
-0.516598887003
