Structure
2
Atom types
['Al', 'Mg']
Types used
[1, 1, 1, 1]
min and max lattice constant, in n steps
[2.0, 6.0, 60]
PW cutoff
300
kPts = 8
90.925912978
74.8494090815
61.313102753
49.9479326673
40.4046338677
32.3942391239
25.6658930955
20.0159469371
15.2766305887
11.3068850463
7.98986927611
5.22615353642
2.93305557808
1.0391731981
-0.518683510493
-1.78531281228
-2.80525161083
-3.61269979039
-4.23713742084
-4.71112290824
-5.05338002573
-5.27968356667
-5.41278018211
-5.46468560433
-5.44776102781
-5.37571938911
-5.25765464065
-5.09790544257
-4.90611241436
-4.69050417667
-4.45542320931
-4.20773888324
-3.95176527376
-3.68974015335
-3.43150576579
-3.17163744115
-2.91734879896
-2.67026453848
-2.43302363351
-2.20514956409
-1.9900444246
-1.78765269124
-1.59837187495
-1.42500898583
-1.26521537853
-1.11964075494
-0.987425553433
-0.86445233747
-0.751832851126
-0.650275441082
-0.557982336678
-0.47430917617
-0.398259502722
-0.328148193288
-0.264094298556
-0.205888045838
-0.151697410421
-0.101716228727
-0.0571929220135
-0.0158804387835
